+---------------------------------------------------------+
| 1.0                                                     |
+---------------------------------------------------------+
| 3.0        | 3.1                                        |
| 4.0        | 4.1                                        |
| 5.0        | 5.1                                        |
+------------+--------------------------------------------+
| 7.0        | 7.1          | 7.2          | 7.3          |
+------------+--------------+--------------+--------------+
| 9.0        | 9.1          | 9.2          | 9.3          |
+------------+--------------+--------------+--------------+
| 11.0       | 11.1         | 11.2         | 11.3         |
| 12.0       | 12.1         | 12.2         | 12.3         |
| 13.0       | 13.1         | 13.2         | 13.3         |
| 14.0       | 14.1         | 14.2         | 14.3         |
+------------+--------------+--------------+--------------+
| 16.0       | 16.1         | 16.2         | 16.3         |
| 17.0       | 17.1         | 17.2         | 17.3         |
| 18.0       | 18.1         | 18.2         | 18.3         |
| 19.0       | 19.1         | 19.2         | 19.3         |
+------------+--------------+--------------+--------------+
| 21.0       | 21.1         | 21.2         | 21.3         |
| 22.0       | 22.1         | 22.2         | 22.3         |
| 23.0       | 23.1         | 23.2         | 23.3         |
+------------+--------------+--------------+--------------+
