* 1 0 240 * 1 0 240 * 1 0 240 * 1 0 240 * 1 0 240 * 1 0 240 * 1 0 240 * 1 0 240 * 1 0 240 * 1 0 112 * 1 0 112 * 1 0 112 
* 1 0 112 * 1 0 112 * 1 0 112 * 1 0 112 * 1 0 112 * 1 0 112 * 1 0 240 * 1 0 112 * 1 0 112 * 1 0 112 * 1 0 112 * 1 0 112 
* 1 0 112 * 1 0 112 * 1 0 112 * 1 0 112 * 1 0 112 * 1 0 112 * 1 0 240 * 1 0 240 * 1 0 240 * 1 0 240 * 1 0 240 * 1 0 240 
* 1 0 112 * 1 0 112 * 1 0 112 * 1 0 112 * 1 0 240 * 1 0 240 * 1 0 240 * 1 0 112 * 1 0 112 * 1 0 240 * 1 0 112 * 1 0 112 
* 1 0 112 * 1 0 112 * 1 0 112 * 1 0 240 * 1 0 240 * 1 0 240 * 1 0 240 * 1 0 240 * 1 0 112 * 1 0 240 * 1 0 112 * 1 0 112 
* 1 0 112 * 1 0 112 * 1 0 112 * 1 0 112 * 1 0 112 * 1 0 240 * 1 0 240 * 1 0 112 * 1 0 112 * 1 0 240 * 1 0 112 * 1 0 112 
* 1 0 112 * 1 0 112 * 1 0 240 * 1 0 240 * 1 0 240 * 1 0 240 * 1 0 240 * 1 0 112 * 1 0 112 * 1 0 112 * 1 0 112 * 1 0 112 
* 1 0 112 * 1 0 112 * 1 0 112 * 1 0 112 * 1 0 112 * 1 0 240 * 1 0 112 * 1 0 112 * 1 0 112 * 1 0 112 * 1 0 112 * 1 0 112 
Thu Oct 31 00:25:32 2019

