     0 1 2 3 4 5 6 7 8 91011121314
   0 u n d o                      
   1                              
   2                              
   3                              
   4                              
   5                              
   6                              
   7                              
   8                              
   9                              
  10                              
  11                              
  12                              
  13                              
  14                              
Mon May  8 16:54:13 2023

